<?xml version="1.0" encoding="UTF-8" standalone="no" ?>
<COLLADA xmlns="http://www.collada.org/2005/11/COLLADASchema" version="1.4.1">
    <asset>
        <contributor>
            <authoring_tool>Google SketchUp 8.0.11751</authoring_tool>
        </contributor>
        <created>2013-01-12T19:43:12Z</created>
        <modified>2013-01-12T19:43:12Z</modified>
        <unit meter="0.0254000" name="inch" />
        <up_axis>Z_UP</up_axis>
    </asset>
    <library_visual_scenes>
        <visual_scene id="ID1">
            <node name="SketchUp">
                <node id="ID2" name="Final__painted">
                    <matrix>1.0000000 0.0000000 0.0000000 -15.0596224 0.0000000 1.0000000 0.0000000 1.1814019 0.0000000 0.0000000 1.0000000 -0.1885916 0.0000000 0.0000000 0.0000000 1.0000000</matrix>
                    <node id="ID3" name="instance_0">
                        <matrix>-0.3453234 -0.8861491 -0.3090170 17.9897007 0.1122024 0.2879273 -0.9510565 11.7539800 0.9317523 -0.3630945 0.0000000 -0.0000000 0.0000000 0.0000000 0.0000000 1.0000000</matrix>
                        <instance_node url="#ID4" />
                    </node>
                    <node id="ID13" name="instance_1">
                        <matrix>-0.2134216 -0.5476703 0.8090170 16.2553200 -0.2937496 -0.7538035 -0.5877853 17.0918550 0.9317523 -0.3630945 -0.0000000 0.0000000 0.0000000 0.0000000 0.0000000 1.0000000</matrix>
                        <instance_node url="#ID14" />
                    </node>
                    <node id="ID23" name="instance_2">
                        <matrix>0.3453234 0.8861491 -0.3090170 8.9083655 -0.1122024 -0.2879273 -0.9510565 14.7046847 -0.9317523 0.3630945 -0.0000000 25.7191639 0.0000000 0.0000000 0.0000000 1.0000000</matrix>
                        <instance_node url="#ID24" />
                    </node>
                    <node id="ID33" name="instance_3">
                        <matrix>0.1809845 -0.9834859 -0.0000000 10.7496474 0.8366031 0.1539546 0.5257311 1.7889015 -0.5170492 -0.0951492 0.8506508 19.9301571 0.0000000 0.0000000 0.0000000 1.0000000</matrix>
                        <instance_node url="#ID34" />
                    </node>
                    <node id="ID43" name="instance_4">
                        <matrix>0.0000000 -0.0000000 1.0000000 13.4490331 -0.6710038 0.7414539 0.0000000 22.5961422 -0.7414539 -0.6710038 -0.0000000 22.8808618 0.0000000 0.0000000 0.0000000 1.0000000</matrix>
                        <instance_node url="#ID14" />
                    </node>
                    <node id="ID44" name="instance_5">
                        <matrix>0.6381625 -0.7051646 0.3090170 4.5406676 -0.2073516 0.2291219 0.9510565 16.1238358 -0.7414539 -0.6710038 -0.0000000 22.8808618 0.0000000 0.0000000 0.0000000 1.0000000</matrix>
                        <instance_node url="#ID45" />
                    </node>
                    <node id="ID54" name="instance_6">
                        <matrix>-0.3944061 0.4358157 -0.8090170 18.9547058 -0.5428535 0.5998488 0.5877853 20.8072407 0.7414539 0.6710038 0.0000000 2.8383021 0.0000000 0.0000000 0.0000000 1.0000000</matrix>
                        <instance_node url="#ID45" />
                    </node>
                    <node id="ID55" name="instance_7">
                        <matrix>0.8515841 -0.1574943 -0.5000000 1.7343807 0.5011012 0.5246816 0.6881910 6.4723064 0.1539546 -0.8366031 0.5257311 10.5633473 0.0000000 0.0000000 0.0000000 1.0000000</matrix>
                        <instance_node url="#ID4" />
                    </node>
                    <node id="ID56" name="instance_8">
                        <matrix>0.6381625 -0.7051646 -0.3090170 4.5406676 0.5704461 0.7026304 -0.4253254 5.5604885 0.5170492 0.0951492 0.8506508 5.7890068 0.0000000 0.0000000 0.0000000 1.0000000</matrix>
                        <instance_node url="#ID45" />
                    </node>
                    <node id="ID57" name="instance_9">
                        <matrix>-0.1809845 0.9834859 0.0000000 16.1484188 -0.8366031 -0.1539546 0.5257311 24.6697633 0.5170492 0.0951492 0.8506508 5.7890068 0.0000000 0.0000000 0.0000000 1.0000000</matrix>
                        <instance_node url="#ID4" />
                    </node>
                    <node id="ID58" name="instance_10">
                        <matrix>-0.7397295 -0.4503334 0.5000000 23.4953734 -0.6550558 0.3119215 -0.6881910 22.2825930 0.1539546 -0.8366031 -0.5257311 10.5633473 0.0000000 0.0000000 0.0000000 1.0000000</matrix>
                        <instance_node url="#ID34" />
                    </node>
                    <node id="ID59" name="instance_11">
                        <matrix>-0.0000000 -0.0000000 1.0000000 13.4490331 0.6710038 -0.7414539 0.0000000 3.8625226 0.7414539 0.6710038 0.0000000 2.8383021 0.0000000 0.0000000 0.0000000 1.0000000</matrix>
                        <instance_node url="#ID4" />
                    </node>
                    <node id="ID60" name="instance_12">
                        <matrix>-0.2134216 -0.5476703 -0.8090170 16.2553200 0.9647534 0.0123495 -0.2628656 0.0000000 0.1539546 -0.8366031 0.5257311 10.5633473 0.0000000 0.0000000 0.0000000 1.0000000</matrix>
                        <instance_node url="#ID14" />
                    </node>
                    <node id="ID61" name="instance_13">
                        <matrix>0.0000000 0.0000000 -1.0000000 13.4490331 -0.3630945 -0.9317523 -0.0000000 18.0036729 -0.9317523 0.3630945 -0.0000000 25.7191639 0.0000000 0.0000000 0.0000000 1.0000000</matrix>
                        <instance_node url="#ID45" />
                    </node>
                    <node id="ID62" name="instance_14">
                        <matrix>0.6381625 -0.7051646 0.3090170 4.5406676 0.2073516 -0.2291219 -0.9510565 10.3348290 0.7414539 0.6710038 0.0000000 2.8383021 0.0000000 0.0000000 0.0000000 1.0000000</matrix>
                        <instance_node url="#ID34" />
                    </node>
                    <node id="ID63" name="instance_15">
                        <matrix>0.3944061 -0.4358157 -0.8090170 7.9433605 -0.5428535 0.5998488 -0.5877853 20.8072407 0.7414539 0.6710038 0.0000000 2.8383021 0.0000000 0.0000000 0.0000000 1.0000000</matrix>
                        <instance_node url="#ID24" />
                    </node>
                    <node id="ID64" name="instance_16">
                        <matrix>-0.3944061 0.4358157 0.8090170 18.9547058 -0.9059480 -0.3319035 -0.2628656 25.5815812 0.1539546 -0.8366031 0.5257311 10.5633473 0.0000000 0.0000000 0.0000000 1.0000000</matrix>
                        <instance_node url="#ID24" />
                    </node>
                    <node id="ID65" name="instance_17">
                        <matrix>-0.7397295 -0.4503334 -0.5000000 23.4953734 -0.4306511 0.8877761 -0.1624598 19.3318883 0.5170492 0.0951492 -0.8506508 5.7890068 0.0000000 0.0000000 0.0000000 1.0000000</matrix>
                        <instance_node url="#ID14" />
                    </node>
                    <node id="ID66" name="instance_18">
                        <matrix>0.7397295 0.4503334 -0.5000000 3.4026928 0.4306511 -0.8877761 -0.1624598 7.1267764 -0.5170492 -0.0951492 -0.8506508 19.9301571 0.0000000 0.0000000 0.0000000 1.0000000</matrix>
                        <instance_node url="#ID4" />
                    </node>
                    <node id="ID67" name="instance_19">
                        <matrix>-0.1809845 0.9834859 0.0000000 16.1484188 0.8366031 0.1539546 -0.5257311 1.7889015 -0.5170492 -0.0951492 -0.8506508 19.9301571 0.0000000 0.0000000 0.0000000 1.0000000</matrix>
                        <instance_node url="#ID14" />
                    </node>
                    <node id="ID68" name="instance_20">
                        <matrix>-0.3453234 -0.8861491 0.3090170 17.9897007 0.7832062 -0.4535266 -0.4253254 2.3871702 0.5170492 0.0951492 0.8506508 5.7890068 0.0000000 0.0000000 0.0000000 1.0000000</matrix>
                        <instance_node url="#ID24" />
                    </node>
                    <node id="ID69" name="instance_21">
                        <matrix>-0.9834859 -0.1809845 -0.0000000 26.8980662 -0.0951492 0.5170492 0.8506508 14.6484834 -0.1539546 0.8366031 -0.5257311 15.1558166 0.0000000 0.0000000 0.0000000 1.0000000</matrix>
                        <instance_node url="#ID34" />
                    </node>
                    <node id="ID70" name="instance_22">
                        <matrix>0.3453234 0.8861491 0.3090170 8.9083655 -0.7832062 0.4535266 -0.4253254 24.0714945 -0.5170492 -0.0951492 0.8506508 19.9301571 0.0000000 0.0000000 0.0000000 1.0000000</matrix>
                        <instance_node url="#ID45" />
                    </node>
                    <node id="ID71" name="instance_23">
                        <matrix>-0.8515841 0.1574943 0.5000000 25.1636855 -0.0863981 -0.9829253 0.1624598 14.1973516 0.5170492 0.0951492 0.8506508 5.7890068 0.0000000 0.0000000 0.0000000 1.0000000</matrix>
                        <instance_node url="#ID34" />
                    </node>
                    <node id="ID72" name="instance_24">
                        <matrix>0.3944061 -0.4358157 -0.8090170 7.9433605 0.5428535 -0.5998488 0.5877853 5.6514241 -0.7414539 -0.6710038 -0.0000000 22.8808618 0.0000000 0.0000000 0.0000000 1.0000000</matrix>
                        <instance_node url="#ID24" />
                    </node>
                    <node id="ID73" name="instance_25">
                        <matrix>-0.7397295 -0.4503334 -0.5000000 23.4953734 0.4306511 -0.8877761 0.1624598 7.1267764 -0.5170492 -0.0951492 0.8506508 19.9301571 0.0000000 0.0000000 0.0000000 1.0000000</matrix>
                        <instance_node url="#ID4" />
                    </node>
                    <node id="ID74" name="instance_26">
                        <matrix>0.8515841 -0.1574943 -0.5000000 1.7343807 -0.5011012 -0.5246816 -0.6881910 19.9863584 -0.1539546 0.8366031 -0.5257311 15.1558166 0.0000000 0.0000000 0.0000000 1.0000000</matrix>
                        <instance_node url="#ID14" />
                    </node>
                    <node id="ID75" name="instance_27">
                        <matrix>0.9834859 0.1809845 0.0000000 0.0000000 -0.0951492 0.5170492 -0.8506508 14.6484834 -0.1539546 0.8366031 0.5257311 15.1558166 0.0000000 0.0000000 0.0000000 1.0000000</matrix>
                        <instance_node url="#ID4" />
                    </node>
                    <node id="ID76" name="instance_28">
                        <matrix>0.2134216 0.5476703 -0.8090170 10.6427462 0.9647534 0.0123495 0.2628656 -0.0000000 0.1539546 -0.8366031 -0.5257311 10.5633473 0.0000000 0.0000000 0.0000000 1.0000000</matrix>
                        <instance_node url="#ID45" />
                    </node>
                    <node id="ID77" name="instance_29">
                        <matrix>0.2134216 0.5476703 0.8090170 10.6427462 0.2937496 0.7538035 -0.5877853 9.3668098 -0.9317523 0.3630945 -0.0000000 25.7191639 0.0000000 0.0000000 0.0000000 1.0000000</matrix>
                        <instance_node url="#ID34" />
                    </node>
                    <node id="ID78" name="instance_30">
                        <matrix>-0.2134216 -0.5476703 0.8090170 16.2553200 0.2937496 0.7538035 0.5877853 9.3668098 -0.9317523 0.3630945 0.0000000 25.7191639 0.0000000 0.0000000 0.0000000 1.0000000</matrix>
                        <instance_node url="#ID4" />
                    </node>
                    <node id="ID79" name="instance_31">
                        <matrix>-0.6381625 0.7051646 0.3090170 22.3573986 0.2073516 -0.2291219 0.9510565 10.3348290 0.7414539 0.6710038 0.0000000 2.8383021 0.0000000 0.0000000 0.0000000 1.0000000</matrix>
                        <instance_node url="#ID14" />
                    </node>
                    <node id="ID80" name="instance_32">
                        <matrix>-0.6381625 0.7051646 -0.3090170 22.3573986 0.5704461 0.7026304 0.4253254 5.5604885 0.5170492 0.0951492 -0.8506508 5.7890068 0.0000000 0.0000000 0.0000000 1.0000000</matrix>
                        <instance_node url="#ID4" />
                    </node>
                    <node id="ID81" name="instance_33">
                        <matrix>0.7397295 0.4503334 0.5000000 3.4026928 0.6550558 -0.3119215 -0.6881910 4.1760717 -0.1539546 0.8366031 -0.5257311 15.1558166 0.0000000 0.0000000 0.0000000 1.0000000</matrix>
                        <instance_node url="#ID45" />
                    </node>
                    <node id="ID82" name="instance_34">
                        <matrix>-0.3453234 -0.8861491 0.3090170 17.9897007 -0.7832062 0.4535266 0.4253254 24.0714945 -0.5170492 -0.0951492 -0.8506508 19.9301571 0.0000000 0.0000000 0.0000000 1.0000000</matrix>
                        <instance_node url="#ID24" />
                    </node>
                    <node id="ID83" name="instance_35">
                        <matrix>-0.8515841 0.1574943 -0.5000000 25.1636855 -0.5011012 -0.5246816 0.6881910 19.9863584 -0.1539546 0.8366031 0.5257311 15.1558166 0.0000000 0.0000000 0.0000000 1.0000000</matrix>
                        <instance_node url="#ID24" />
                    </node>
                    <node id="ID84" name="instance_36">
                        <matrix>0.3453234 0.8861491 0.3090170 8.9083655 0.7832062 -0.4535266 0.4253254 2.3871702 0.5170492 0.0951492 -0.8506508 5.7890068 0.0000000 0.0000000 0.0000000 1.0000000</matrix>
                        <instance_node url="#ID34" />
                    </node>
                    <node id="ID85" name="instance_37">
                        <matrix>-0.8515841 0.1574943 -0.5000000 25.1636855 0.5011012 0.5246816 -0.6881910 6.4723064 0.1539546 -0.8366031 -0.5257311 10.5633473 0.0000000 0.0000000 0.0000000 1.0000000</matrix>
                        <instance_node url="#ID24" />
                    </node>
                    <node id="ID86" name="instance_38">
                        <matrix>0.8515841 -0.1574943 0.5000000 1.7343807 0.0863981 0.9829253 0.1624598 12.2613132 -0.5170492 -0.0951492 0.8506508 19.9301571 0.0000000 0.0000000 0.0000000 1.0000000</matrix>
                        <instance_node url="#ID24" />
                    </node>
                    <node id="ID87" name="instance_39">
                        <matrix>0.3944061 -0.4358157 0.8090170 7.9433605 0.9059480 0.3319035 -0.2628656 0.8770836 -0.1539546 0.8366031 0.5257311 15.1558166 0.0000000 0.0000000 0.0000000 1.0000000</matrix>
                        <instance_node url="#ID14" />
                    </node>
                    <node id="ID88" name="instance_40">
                        <matrix>-0.3944061 0.4358157 0.8090170 18.9547058 0.9059480 0.3319035 0.2628656 0.8770836 -0.1539546 0.8366031 -0.5257311 15.1558166 0.0000000 0.0000000 0.0000000 1.0000000</matrix>
                        <instance_node url="#ID24" />
                    </node>
                    <node id="ID89" name="instance_41">
                        <matrix>-0.7397295 -0.4503334 0.5000000 23.4953734 0.6550558 -0.3119215 0.6881910 4.1760717 -0.1539546 0.8366031 0.5257311 15.1558166 0.0000000 0.0000000 0.0000000 1.0000000</matrix>
                        <instance_node url="#ID45" />
                    </node>
                    <node id="ID90" name="instance_42">
                        <matrix>0.6381625 -0.7051646 -0.3090170 4.5406676 -0.5704461 -0.7026304 0.4253254 20.8981763 -0.5170492 -0.0951492 -0.8506508 19.9301571 0.0000000 0.0000000 0.0000000 1.0000000</matrix>
                        <instance_node url="#ID34" />
                    </node>
                    <node id="ID91" name="instance_43">
                        <matrix>-0.3944061 0.4358157 -0.8090170 18.9547058 0.5428535 -0.5998488 -0.5877853 5.6514241 -0.7414539 -0.6710038 -0.0000000 22.8808618 0.0000000 0.0000000 0.0000000 1.0000000</matrix>
                        <instance_node url="#ID34" />
                    </node>
                    <node id="ID92" name="instance_44">
                        <matrix>-0.3453234 -0.8861491 -0.3090170 17.9897007 -0.1122024 -0.2879273 0.9510565 14.7046847 -0.9317523 0.3630945 0.0000000 25.7191639 0.0000000 0.0000000 0.0000000 1.0000000</matrix>
                        <instance_node url="#ID14" />
                    </node>
                    <node id="ID93" name="instance_45">
                        <matrix>-0.6381625 0.7051646 -0.3090170 22.3573986 -0.5704461 -0.7026304 -0.4253254 20.8981763 -0.5170492 -0.0951492 0.8506508 19.9301571 0.0000000 0.0000000 0.0000000 1.0000000</matrix>
                        <instance_node url="#ID14" />
                    </node>
                    <node id="ID94" name="instance_46">
                        <matrix>-0.6381625 0.7051646 0.3090170 22.3573986 -0.2073516 0.2291219 -0.9510565 16.1238358 -0.7414539 -0.6710038 -0.0000000 22.8808618 0.0000000 0.0000000 0.0000000 1.0000000</matrix>
                        <instance_node url="#ID4" />
                    </node>
                    <node id="ID95" name="instance_47">
                        <matrix>-0.8515841 0.1574943 0.5000000 25.1636855 0.0863981 0.9829253 -0.1624598 12.2613132 -0.5170492 -0.0951492 -0.8506508 19.9301571 0.0000000 0.0000000 0.0000000 1.0000000</matrix>
                        <instance_node url="#ID45" />
                    </node>
                    <node id="ID96" name="instance_48">
                        <matrix>0.3944061 -0.4358157 0.8090170 7.9433605 -0.9059480 -0.3319035 0.2628656 25.5815812 0.1539546 -0.8366031 -0.5257311 10.5633473 0.0000000 0.0000000 0.0000000 1.0000000</matrix>
                        <instance_node url="#ID4" />
                    </node>
                    <node id="ID97" name="instance_49">
                        <matrix>0.1809845 -0.9834859 -0.0000000 10.7496474 -0.8366031 -0.1539546 -0.5257311 24.6697633 0.5170492 0.0951492 -0.8506508 5.7890068 0.0000000 0.0000000 0.0000000 1.0000000</matrix>
                        <instance_node url="#ID45" />
                    </node>
                    <node id="ID98" name="instance_50">
                        <matrix>0.7397295 0.4503334 0.5000000 3.4026928 -0.6550558 0.3119215 0.6881910 22.2825930 0.1539546 -0.8366031 0.5257311 10.5633473 0.0000000 0.0000000 0.0000000 1.0000000</matrix>
                        <instance_node url="#ID34" />
                    </node>
                    <node id="ID99" name="instance_51">
                        <matrix>0.7397295 0.4503334 -0.5000000 3.4026928 -0.4306511 0.8877761 0.1624598 19.3318883 0.5170492 0.0951492 0.8506508 5.7890068 0.0000000 0.0000000 0.0000000 1.0000000</matrix>
                        <instance_node url="#ID14" />
                    </node>
                    <node id="ID100" name="instance_52">
                        <matrix>0.9834859 0.1809845 0.0000000 -0.0000000 0.0951492 -0.5170492 0.8506508 11.8101813 0.1539546 -0.8366031 -0.5257311 10.5633473 0.0000000 0.0000000 0.0000000 1.0000000</matrix>
                        <instance_node url="#ID14" />
                    </node>
                    <node id="ID101" name="instance_53">
                        <matrix>0.8515841 -0.1574943 0.5000000 1.7343807 -0.0863981 -0.9829253 -0.1624598 14.1973516 0.5170492 0.0951492 -0.8506508 5.7890068 0.0000000 0.0000000 0.0000000 1.0000000</matrix>
                        <instance_node url="#ID24" />
                    </node>
                    <node id="ID102" name="instance_54">
                        <matrix>-0.2134216 -0.5476703 -0.8090170 16.2553200 -0.9647534 -0.0123495 0.2628656 26.4586647 -0.1539546 0.8366031 -0.5257311 15.1558166 0.0000000 0.0000000 0.0000000 1.0000000</matrix>
                        <instance_node url="#ID4" />
                    </node>
                    <node id="ID103" name="instance_55">
                        <matrix>-0.9834859 -0.1809845 -0.0000000 26.8980662 0.0951492 -0.5170492 -0.8506508 11.8101813 0.1539546 -0.8366031 0.5257311 10.5633473 0.0000000 0.0000000 0.0000000 1.0000000</matrix>
                        <instance_node url="#ID45" />
                    </node>
                    <node id="ID104" name="instance_56">
                        <matrix>0.2134216 0.5476703 0.8090170 10.6427462 -0.2937496 -0.7538035 0.5877853 17.0918550 0.9317523 -0.3630945 -0.0000000 0.0000000 0.0000000 0.0000000 0.0000000 1.0000000</matrix>
                        <instance_node url="#ID45" />
                    </node>
                    <node id="ID105" name="instance_57">
                        <matrix>0.3453234 0.8861491 -0.3090170 8.9083655 0.1122024 0.2879273 0.9510565 11.7539800 0.9317523 -0.3630945 0.0000000 0.0000000 0.0000000 0.0000000 0.0000000 1.0000000</matrix>
                        <instance_node url="#ID24" />
                    </node>
                    <node id="ID106" name="instance_58">
                        <matrix>0.0000000 -0.0000000 -1.0000000 13.4490331 0.3630945 0.9317523 -0.0000000 8.4549919 0.9317523 -0.3630945 0.0000000 0.0000000 0.0000000 0.0000000 0.0000000 1.0000000</matrix>
                        <instance_node url="#ID34" />
                    </node>
                    <node id="ID107" name="instance_59">
                        <matrix>0.2134216 0.5476703 -0.8090170 10.6427462 -0.9647534 -0.0123495 -0.2628656 26.4586647 -0.1539546 0.8366031 0.5257311 15.1558166 0.0000000 0.0000000 0.0000000 1.0000000</matrix>
                        <instance_node url="#ID34" />
                    </node>
                </node>
            </node>
        </visual_scene>
    </library_visual_scenes>
    <library_nodes>
        <node id="ID4" name="Nodule">
            <instance_geometry url="#ID5">
                <bind_material>
                    <technique_common>
                        <instance_material symbol="Material2" target="#ID6">
                            <bind_vertex_input semantic="UVSET0" input_semantic="TEXCOORD" input_set="0" />
                        </instance_material>
                    </technique_common>
                </bind_material>
            </instance_geometry>
        </node>
        <node id="ID14" name="Nodule">
            <instance_geometry url="#ID15">
                <bind_material>
                    <technique_common>
                        <instance_material symbol="Material2" target="#ID16">
                            <bind_vertex_input semantic="UVSET0" input_semantic="TEXCOORD" input_set="0" />
                        </instance_material>
                    </technique_common>
                </bind_material>
            </instance_geometry>
        </node>
        <node id="ID24" name="Nodule">
            <instance_geometry url="#ID25">
                <bind_material>
                    <technique_common>
                        <instance_material symbol="Material2" target="#ID26">
                            <bind_vertex_input semantic="UVSET0" input_semantic="TEXCOORD" input_set="0" />
                        </instance_material>
                    </technique_common>
                </bind_material>
            </instance_geometry>
        </node>
        <node id="ID34" name="Nodule">
            <instance_geometry url="#ID35">
                <bind_material>
                    <technique_common>
                        <instance_material symbol="Material2" target="#ID36">
                            <bind_vertex_input semantic="UVSET0" input_semantic="TEXCOORD" input_set="0" />
                        </instance_material>
                    </technique_common>
                </bind_material>
            </instance_geometry>
        </node>
        <node id="ID45" name="Nodule">
            <instance_geometry url="#ID46">
                <bind_material>
                    <technique_common>
                        <instance_material symbol="Material2" target="#ID47">
                            <bind_vertex_input semantic="UVSET0" input_semantic="TEXCOORD" input_set="0" />
                        </instance_material>
                    </technique_common>
                </bind_material>
            </instance_geometry>
        </node>
    </library_nodes>
    <library_geometries>
        <geometry id="ID5">
            <mesh>
                <source id="ID8">
                    <float_array id="ID11" count="210">0.2317879 0.0753999 -0.0000000 3.8917800 1.7102727 -1.2843135 2.0104687 1.3535192 -2.0221173 3.8867779 1.2643575 -0.0000000 3.8867779 1.2643575 -0.0000000 0.2317879 0.0753999 -0.0000000 3.8917800 1.7102727 -1.2843135 2.0104687 1.3535192 -2.0221173 2.0104687 1.3535192 -2.0221173 3.8665498 -0.5388745 -0.9952797 0.2317879 0.0753999 -0.0000000 3.8788579 0.5583257 -2.0675418 3.8788579 0.5583257 -2.0675418 2.0104687 1.3535192 -2.0221173 3.8665498 -0.5388745 -0.9952797 0.2317879 0.0753999 -0.0000000 2.0104687 1.3535192 2.0221173 3.8867779 1.2643575 -0.0000000 0.2317879 0.0753999 -0.0000000 3.8917800 1.7102727 1.2843135 3.8917800 1.7102727 1.2843135 2.0104687 1.3535192 2.0221173 3.8867779 1.2643575 -0.0000000 0.2317879 0.0753999 -0.0000000 3.8917800 1.7102727 -1.2843135 3.8867779 1.2643575 -0.0000000 3.8788579 0.5583257 -2.0675418 3.8665498 -0.5388745 -0.9952797 3.8497525 -2.0362671 0.6835711 3.8497525 -2.0362671 -0.6835711 3.8665498 -0.5388745 0.9952797 3.8788579 0.5583257 2.0675418 3.8917800 1.7102727 1.2843135 3.8917800 1.7102727 1.2843135 3.8867779 1.2643575 -0.0000000 3.8788579 0.5583257 2.0675418 3.8788579 0.5583257 -2.0675418 3.8665498 -0.5388745 -0.9952797 3.8665498 -0.5388745 0.9952797 3.8497525 -2.0362671 0.6835711 3.8497525 -2.0362671 -0.6835711 3.8917800 1.7102727 -1.2843135 3.8665498 -0.5388745 -0.9952797 1.2560687 -1.4678081 -0.0000000 0.2317879 0.0753999 -0.0000000 1.8746225 -2.3997375 -0.0000000 3.8497525 -2.0362671 -0.6835711 3.8497525 -2.0362671 -0.6835711 3.8665498 -0.5388745 -0.9952797 1.8746225 -2.3997375 -0.0000000 1.2560687 -1.4678081 -0.0000000 0.2317879 0.0753999 -0.0000000 3.8665498 -0.5388745 0.9952797 2.0104687 1.3535192 2.0221173 0.2317879 0.0753999 -0.0000000 3.8788579 0.5583257 2.0675418 3.8788579 0.5583257 2.0675418 3.8665498 -0.5388745 0.9952797 2.0104687 1.3535192 2.0221173 0.2317879 0.0753999 -0.0000000 1.2560687 -1.4678081 -0.0000000 3.8665498 -0.5388745 0.9952797 0.2317879 0.0753999 -0.0000000 1.8746225 -2.3997375 -0.0000000 3.8497525 -2.0362671 0.6835711 3.8497525 -2.0362671 0.6835711 1.8746225 -2.3997375 -0.0000000 3.8665498 -0.5388745 0.9952797 1.2560687 -1.4678081 -0.0000000 0.2317879 0.0753999 -0.0000000</float_array>
                    <technique_common>
                        <accessor count="70" source="#ID11" stride="3">
                            <param name="X" type="float" />
                            <param name="Y" type="float" />
                            <param name="Z" type="float" />
                        </accessor>
                    </technique_common>
                </source>
                <source id="ID9">
                    <float_array id="ID12" count="210">-0.2938499 0.9033277 0.3124920 -0.2938499 0.9033277 0.3124920 -0.2938499 0.9033277 0.3124920 -0.2938499 0.9033277 0.3124920 0.2938499 -0.9033277 -0.3124920 0.2938499 -0.9033277 -0.3124920 0.2938499 -0.9033277 -0.3124920 0.2938499 -0.9033277 -0.3124920 -0.2996920 -0.6650850 -0.6839931 -0.2996920 -0.6650850 -0.6839931 -0.2996920 -0.6650850 -0.6839931 -0.2996920 -0.6650850 -0.6839931 0.2996920 0.6650850 0.6839931 0.2996920 0.6650850 0.6839931 0.2996920 0.6650850 0.6839931 0.2996920 0.6650850 0.6839931 -0.2938499 0.9033277 -0.3124920 -0.2938499 0.9033277 -0.3124920 -0.2938499 0.9033277 -0.3124920 -0.2938499 0.9033277 -0.3124920 0.2938499 -0.9033277 0.3124920 0.2938499 -0.9033277 0.3124920 0.2938499 -0.9033277 0.3124920 0.2938499 -0.9033277 0.3124920 0.9999371 -0.0112170 0.0000000 0.9999371 -0.0112170 0.0000000 0.9999371 -0.0112170 0.0000000 0.9999371 -0.0112170 0.0000000 0.9999371 -0.0112170 0.0000000 0.9999371 -0.0112170 0.0000000 0.9999371 -0.0112170 0.0000000 0.9999371 -0.0112170 0.0000000 0.9999371 -0.0112170 0.0000000 -0.9999371 0.0112170 -0.0000000 -0.9999371 0.0112170 -0.0000000 -0.9999371 0.0112170 -0.0000000 -0.9999371 0.0112170 -0.0000000 -0.9999371 0.0112170 -0.0000000 -0.9999371 0.0112170 -0.0000000 -0.9999371 0.0112170 -0.0000000 -0.9999371 0.0112170 -0.0000000 -0.9999371 0.0112170 -0.0000000 -0.2892374 -0.1919769 -0.9378095 -0.2892374 -0.1919769 -0.9378095 -0.2892374 -0.1919769 -0.9378095 -0.2892374 -0.1919769 -0.9378095 -0.2892374 -0.1919769 -0.9378095 0.2892374 0.1919769 0.9378095 0.2892374 0.1919769 0.9378095 0.2892374 0.1919769 0.9378095 0.2892374 0.1919769 0.9378095 0.2892374 0.1919769 0.9378095 -0.2996920 -0.6650850 0.6839931 -0.2996920 -0.6650850 0.6839931 -0.2996920 -0.6650850 0.6839931 -0.2996920 -0.6650850 0.6839931 0.2996920 0.6650850 -0.6839931 0.2996920 0.6650850 -0.6839931 0.2996920 0.6650850 -0.6839931 0.2996920 0.6650850 -0.6839931 -0.2892374 -0.1919769 0.9378095 -0.2892374 -0.1919769 0.9378095 -0.2892374 -0.1919769 0.9378095 -0.2892374 -0.1919769 0.9378095 -0.2892374 -0.1919769 0.9378095 0.2892374 0.1919769 -0.9378095 0.2892374 0.1919769 -0.9378095 0.2892374 0.1919769 -0.9378095 0.2892374 0.1919769 -0.9378095 0.2892374 0.1919769 -0.9378095</float_array>
                    <technique_common>
                        <accessor count="70" source="#ID12" stride="3">
                            <param name="X" type="float" />
                            <param name="Y" type="float" />
                            <param name="Z" type="float" />
                        </accessor>
                    </technique_common>
                </source>
                <vertices id="ID10">
                    <input semantic="POSITION" source="#ID8" />
                    <input semantic="NORMAL" source="#ID9" />
                </vertices>
                <triangles count="42" material="Material2">
                    <input offset="0" semantic="VERTEX" source="#ID10" />
                    <p>0 1 2 1 0 3 4 5 6 7 6 5 8 9 10 9 8 11 12 13 14 15 14 13 16 17 18 17 16 19 20 21 22 23 22 21 24 25 26 27 28 29 28 27 30 30 27 31 31 27 26 31 26 25 31 25 32 33 34 35 34 36 35 36 37 35 35 37 38 38 37 39 40 39 37 36 34 41 42 43 44 43 42 45 45 42 46 47 48 49 49 48 50 51 50 48 52 53 54 53 52 55 56 57 58 59 58 57 60 61 62 61 60 63 61 63 64 65 66 67 66 68 67 69 67 68</p>
                </triangles>
            </mesh>
        </geometry>
        <geometry id="ID15">
            <mesh>
                <source id="ID18">
                    <float_array id="ID21" count="210">0.2317879 0.0753999 -0.0000000 3.8917800 1.7102727 -1.2843135 2.0104687 1.3535192 -2.0221173 3.8867779 1.2643575 -0.0000000 3.8867779 1.2643575 -0.0000000 0.2317879 0.0753999 -0.0000000 3.8917800 1.7102727 -1.2843135 2.0104687 1.3535192 -2.0221173 2.0104687 1.3535192 -2.0221173 3.8665498 -0.5388745 -0.9952797 0.2317879 0.0753999 -0.0000000 3.8788579 0.5583257 -2.0675418 3.8788579 0.5583257 -2.0675418 2.0104687 1.3535192 -2.0221173 3.8665498 -0.5388745 -0.9952797 0.2317879 0.0753999 -0.0000000 2.0104687 1.3535192 2.0221173 3.8867779 1.2643575 -0.0000000 0.2317879 0.0753999 -0.0000000 3.8917800 1.7102727 1.2843135 3.8917800 1.7102727 1.2843135 2.0104687 1.3535192 2.0221173 3.8867779 1.2643575 -0.0000000 0.2317879 0.0753999 -0.0000000 3.8917800 1.7102727 -1.2843135 3.8867779 1.2643575 -0.0000000 3.8788579 0.5583257 -2.0675418 3.8665498 -0.5388745 -0.9952797 3.8497525 -2.0362671 0.6835711 3.8497525 -2.0362671 -0.6835711 3.8665498 -0.5388745 0.9952797 3.8788579 0.5583257 2.0675418 3.8917800 1.7102727 1.2843135 3.8917800 1.7102727 1.2843135 3.8867779 1.2643575 -0.0000000 3.8788579 0.5583257 2.0675418 3.8788579 0.5583257 -2.0675418 3.8665498 -0.5388745 -0.9952797 3.8665498 -0.5388745 0.9952797 3.8497525 -2.0362671 0.6835711 3.8497525 -2.0362671 -0.6835711 3.8917800 1.7102727 -1.2843135 3.8665498 -0.5388745 -0.9952797 1.2560687 -1.4678081 -0.0000000 0.2317879 0.0753999 -0.0000000 1.8746225 -2.3997375 -0.0000000 3.8497525 -2.0362671 -0.6835711 3.8497525 -2.0362671 -0.6835711 3.8665498 -0.5388745 -0.9952797 1.8746225 -2.3997375 -0.0000000 1.2560687 -1.4678081 -0.0000000 0.2317879 0.0753999 -0.0000000 3.8665498 -0.5388745 0.9952797 2.0104687 1.3535192 2.0221173 0.2317879 0.0753999 -0.0000000 3.8788579 0.5583257 2.0675418 3.8788579 0.5583257 2.0675418 3.8665498 -0.5388745 0.9952797 2.0104687 1.3535192 2.0221173 0.2317879 0.0753999 -0.0000000 1.2560687 -1.4678081 -0.0000000 3.8665498 -0.5388745 0.9952797 0.2317879 0.0753999 -0.0000000 1.8746225 -2.3997375 -0.0000000 3.8497525 -2.0362671 0.6835711 3.8497525 -2.0362671 0.6835711 1.8746225 -2.3997375 -0.0000000 3.8665498 -0.5388745 0.9952797 1.2560687 -1.4678081 -0.0000000 0.2317879 0.0753999 -0.0000000</float_array>
                    <technique_common>
                        <accessor count="70" source="#ID21" stride="3">
                            <param name="X" type="float" />
                            <param name="Y" type="float" />
                            <param name="Z" type="float" />
                        </accessor>
                    </technique_common>
                </source>
                <source id="ID19">
                    <float_array id="ID22" count="210">-0.2938499 0.9033277 0.3124920 -0.2938499 0.9033277 0.3124920 -0.2938499 0.9033277 0.3124920 -0.2938499 0.9033277 0.3124920 0.2938499 -0.9033277 -0.3124920 0.2938499 -0.9033277 -0.3124920 0.2938499 -0.9033277 -0.3124920 0.2938499 -0.9033277 -0.3124920 -0.2996920 -0.6650850 -0.6839931 -0.2996920 -0.6650850 -0.6839931 -0.2996920 -0.6650850 -0.6839931 -0.2996920 -0.6650850 -0.6839931 0.2996920 0.6650850 0.6839931 0.2996920 0.6650850 0.6839931 0.2996920 0.6650850 0.6839931 0.2996920 0.6650850 0.6839931 -0.2938499 0.9033277 -0.3124920 -0.2938499 0.9033277 -0.3124920 -0.2938499 0.9033277 -0.3124920 -0.2938499 0.9033277 -0.3124920 0.2938499 -0.9033277 0.3124920 0.2938499 -0.9033277 0.3124920 0.2938499 -0.9033277 0.3124920 0.2938499 -0.9033277 0.3124920 0.9999371 -0.0112170 0.0000000 0.9999371 -0.0112170 0.0000000 0.9999371 -0.0112170 0.0000000 0.9999371 -0.0112170 0.0000000 0.9999371 -0.0112170 0.0000000 0.9999371 -0.0112170 0.0000000 0.9999371 -0.0112170 0.0000000 0.9999371 -0.0112170 0.0000000 0.9999371 -0.0112170 0.0000000 -0.9999371 0.0112170 -0.0000000 -0.9999371 0.0112170 -0.0000000 -0.9999371 0.0112170 -0.0000000 -0.9999371 0.0112170 -0.0000000 -0.9999371 0.0112170 -0.0000000 -0.9999371 0.0112170 -0.0000000 -0.9999371 0.0112170 -0.0000000 -0.9999371 0.0112170 -0.0000000 -0.9999371 0.0112170 -0.0000000 -0.2892374 -0.1919769 -0.9378095 -0.2892374 -0.1919769 -0.9378095 -0.2892374 -0.1919769 -0.9378095 -0.2892374 -0.1919769 -0.9378095 -0.2892374 -0.1919769 -0.9378095 0.2892374 0.1919769 0.9378095 0.2892374 0.1919769 0.9378095 0.2892374 0.1919769 0.9378095 0.2892374 0.1919769 0.9378095 0.2892374 0.1919769 0.9378095 -0.2996920 -0.6650850 0.6839931 -0.2996920 -0.6650850 0.6839931 -0.2996920 -0.6650850 0.6839931 -0.2996920 -0.6650850 0.6839931 0.2996920 0.6650850 -0.6839931 0.2996920 0.6650850 -0.6839931 0.2996920 0.6650850 -0.6839931 0.2996920 0.6650850 -0.6839931 -0.2892374 -0.1919769 0.9378095 -0.2892374 -0.1919769 0.9378095 -0.2892374 -0.1919769 0.9378095 -0.2892374 -0.1919769 0.9378095 -0.2892374 -0.1919769 0.9378095 0.2892374 0.1919769 -0.9378095 0.2892374 0.1919769 -0.9378095 0.2892374 0.1919769 -0.9378095 0.2892374 0.1919769 -0.9378095 0.2892374 0.1919769 -0.9378095</float_array>
                    <technique_common>
                        <accessor count="70" source="#ID22" stride="3">
                            <param name="X" type="float" />
                            <param name="Y" type="float" />
                            <param name="Z" type="float" />
                        </accessor>
                    </technique_common>
                </source>
                <vertices id="ID20">
                    <input semantic="POSITION" source="#ID18" />
                    <input semantic="NORMAL" source="#ID19" />
                </vertices>
                <triangles count="42" material="Material2">
                    <input offset="0" semantic="VERTEX" source="#ID20" />
                    <p>0 1 2 1 0 3 4 5 6 7 6 5 8 9 10 9 8 11 12 13 14 15 14 13 16 17 18 17 16 19 20 21 22 23 22 21 24 25 26 27 28 29 28 27 30 30 27 31 31 27 26 31 26 25 31 25 32 33 34 35 34 36 35 36 37 35 35 37 38 38 37 39 40 39 37 36 34 41 42 43 44 43 42 45 45 42 46 47 48 49 49 48 50 51 50 48 52 53 54 53 52 55 56 57 58 59 58 57 60 61 62 61 60 63 61 63 64 65 66 67 66 68 67 69 67 68</p>
                </triangles>
            </mesh>
        </geometry>
        <geometry id="ID25">
            <mesh>
                <source id="ID28">
                    <float_array id="ID31" count="210">0.2317879 0.0753999 -0.0000000 3.8917800 1.7102727 -1.2843135 2.0104687 1.3535192 -2.0221173 3.8867779 1.2643575 -0.0000000 3.8867779 1.2643575 -0.0000000 0.2317879 0.0753999 -0.0000000 3.8917800 1.7102727 -1.2843135 2.0104687 1.3535192 -2.0221173 2.0104687 1.3535192 -2.0221173 3.8665498 -0.5388745 -0.9952797 0.2317879 0.0753999 -0.0000000 3.8788579 0.5583257 -2.0675418 3.8788579 0.5583257 -2.0675418 2.0104687 1.3535192 -2.0221173 3.8665498 -0.5388745 -0.9952797 0.2317879 0.0753999 -0.0000000 2.0104687 1.3535192 2.0221173 3.8867779 1.2643575 -0.0000000 0.2317879 0.0753999 -0.0000000 3.8917800 1.7102727 1.2843135 3.8917800 1.7102727 1.2843135 2.0104687 1.3535192 2.0221173 3.8867779 1.2643575 -0.0000000 0.2317879 0.0753999 -0.0000000 3.8917800 1.7102727 -1.2843135 3.8867779 1.2643575 -0.0000000 3.8788579 0.5583257 -2.0675418 3.8665498 -0.5388745 -0.9952797 3.8497525 -2.0362671 0.6835711 3.8497525 -2.0362671 -0.6835711 3.8665498 -0.5388745 0.9952797 3.8788579 0.5583257 2.0675418 3.8917800 1.7102727 1.2843135 3.8917800 1.7102727 1.2843135 3.8867779 1.2643575 -0.0000000 3.8788579 0.5583257 2.0675418 3.8788579 0.5583257 -2.0675418 3.8665498 -0.5388745 -0.9952797 3.8665498 -0.5388745 0.9952797 3.8497525 -2.0362671 0.6835711 3.8497525 -2.0362671 -0.6835711 3.8917800 1.7102727 -1.2843135 3.8665498 -0.5388745 -0.9952797 1.2560687 -1.4678081 -0.0000000 0.2317879 0.0753999 -0.0000000 1.8746225 -2.3997375 -0.0000000 3.8497525 -2.0362671 -0.6835711 3.8497525 -2.0362671 -0.6835711 3.8665498 -0.5388745 -0.9952797 1.8746225 -2.3997375 -0.0000000 1.2560687 -1.4678081 -0.0000000 0.2317879 0.0753999 -0.0000000 3.8665498 -0.5388745 0.9952797 2.0104687 1.3535192 2.0221173 0.2317879 0.0753999 -0.0000000 3.8788579 0.5583257 2.0675418 3.8788579 0.5583257 2.0675418 3.8665498 -0.5388745 0.9952797 2.0104687 1.3535192 2.0221173 0.2317879 0.0753999 -0.0000000 1.2560687 -1.4678081 -0.0000000 3.8665498 -0.5388745 0.9952797 0.2317879 0.0753999 -0.0000000 1.8746225 -2.3997375 -0.0000000 3.8497525 -2.0362671 0.6835711 3.8497525 -2.0362671 0.6835711 1.8746225 -2.3997375 -0.0000000 3.8665498 -0.5388745 0.9952797 1.2560687 -1.4678081 -0.0000000 0.2317879 0.0753999 -0.0000000</float_array>
                    <technique_common>
                        <accessor count="70" source="#ID31" stride="3">
                            <param name="X" type="float" />
                            <param name="Y" type="float" />
                            <param name="Z" type="float" />
                        </accessor>
                    </technique_common>
                </source>
                <source id="ID29">
